4.846439576301603790e-03
4.134480526278966860e-03
3.877800241483020469e-03
6.640577353533717864e-03
4.415445908868079368e-03
3.831778502430302751e-03
3.730936000929596479e-03
3.291365960816927845e-03
5.905770839162864487e-03
5.352807391892917648e-03
6.126389995617850630e-03
2.666314257855866791e-03
4.052765111031437356e-03
3.354492569064595510e-03
5.919048022860088493e-03
5.895704690508015225e-03
4.964092737270314921e-03
5.990336389656631365e-03
3.007819563232592194e-03
5.569303116240855757e-03
3.677009694646659384e-03
7.247310988043648497e-03
5.205757805024368440e-03
2.590946768530059258e-03
5.301170637185824951e-03
4.733174441204581265e-03
6.003455322162052667e-03
6.308300909343995261e-03
5.205454033854615276e-03
4.801957683053046343e-03
6.592270639025276172e-03
2.772425811454223930e-03
4.930641216134615777e-03
4.819002863594274398e-03
4.242944692348684689e-03
3.815521799281386840e-03
6.267585296587251283e-03
4.922553415895068903e-03
4.923733620227328280e-03
4.011481928506850300e-03
6.671611950897321855e-03
5.339254036777443813e-03
3.810172877424751036e-03
3.239681435122829158e-03
6.405590123996235223e-03
4.737461393002844780e-03
4.198518911487945059e-03
3.591243079007764346e-03
5.405927233227698046e-03
2.809419907718702352e-03
3.731843793594927933e-03
4.434107041672465457e-03
4.775895933725073442e-03
6.911568659806779404e-03
5.064417528620522232e-03
3.179213296303249475e-03
4.471626217237096614e-03
5.861159949315884049e-03
7.216034066180556338e-03
6.540398677632455575e-03
7.254066325148360479e-03
4.064308637439313990e-03
4.718477779811649717e-03
5.853257100525217221e-03
4.723504781807261188e-03
5.979785998879627064e-03
5.588623843612449890e-03
3.244227764577245834e-03
5.152974914009384941e-03
5.179928910431793633e-03
2.619148660568582001e-03
4.280537079306036621e-03
4.314992253400307815e-03
3.253540018603102209e-03
5.315935523274662247e-03
5.324511487979053520e-03
5.410319949748219545e-03
4.582294238531609172e-03
4.731768099780548319e-03
4.682585191005960573e-03
4.120660519175635590e-03
4.474148881489785519e-03
4.488184416250558424e-03
5.200177266730889383e-03
5.292514173054481234e-03
5.986635176536580193e-03
4.118374547691787055e-03
4.209946197161297705e-03
4.505795495217771243e-03
5.225774569096694119e-03
4.085571257627261185e-03
4.438524215817854154e-03
5.126309794197659794e-03
5.287534839971440477e-03
5.417553945681678230e-03
4.837490757672356124e-03
4.126481277513360801e-03
5.809803787389376459e-03
4.979301372588351877e-03
4.739192317543663817e-03
5.085412269664271040e-03
3.765400450382401423e-03
5.558081606150436574e-03
6.300627808483176724e-03
2.841820719254113843e-03
4.230498900925264150e-03
7.751904743602352869e-03
6.347571489416552193e-03
5.136856311390837135e-03
5.720488927667869740e-03
4.791601790739927896e-03
5.617141676062425634e-03
5.758584785486305958e-03
6.479350618026905734e-03
6.610948365723199292e-03
6.253314086652049519e-03
6.728079347652748260e-03
5.152811493192975371e-03
6.534782057613724819e-03
6.358934303351158543e-03
5.029440345141570311e-03
4.989938309029893007e-03
2.940382012111634243e-03
4.520130830556847931e-03
3.543896848463442672e-03
3.281808327054812260e-03
4.937568555144549939e-03
4.155874590767224576e-03
4.049857644032986252e-03
5.798034024986153424e-03
5.142609404327828405e-03
5.139567289144189761e-03
4.046251503978037962e-03
4.917454981862178290e-03
5.957598525600762279e-03
7.079012334961885464e-03
3.841984865567305008e-03
3.992358920789907534e-03
4.477218092943273560e-03
5.406255027420652989e-03
5.210205047038223014e-03
4.427973671557245555e-03
4.141810378214845836e-03
3.045773712356654016e-03
4.914639363324448812e-03
4.746637727803070146e-03
5.937432598680766720e-03
5.353024566742547487e-03
5.596848883694142789e-03
6.033280193259111211e-03
5.731432923915886352e-03
6.060960500610879792e-03
4.525947559088636281e-03
5.368468183761646029e-03
6.724563955673288143e-03
5.514471419192179188e-03
5.489599972188606916e-03
6.469711865114505592e-03
6.608986435218675189e-03
2.527216785946193641e-03
6.471946526467340331e-03
3.118929744632863068e-03
3.790107521754044074e-03
3.461549129107561410e-03
3.923111219762952587e-03
3.815198566697595214e-03
5.454609821980560894e-03
6.977522191537270310e-03
4.355209783523546901e-03
4.197699098203572926e-03
6.185919240402740910e-03
4.537345432697979797e-03
2.855826109013621158e-03
4.023864366701044790e-03
3.227904667208813562e-03
6.588581652673326447e-03
5.071763789412391324e-03
4.595637030348645111e-03
5.703518598042512516e-03
4.724538460865432103e-03
4.503413966306696499e-03
5.430902998161917308e-03
3.435123404414632854e-03
7.194002430975903091e-03
6.353816590048353904e-03
4.371672744689636403e-03
5.216908522130288793e-03
4.118329075982840246e-03
4.259497042042046169e-03
4.289982013770908369e-03
3.157455057745520155e-03
3.050534160593102763e-03
2.747850018840463943e-03
6.287744177686554331e-03
5.072392754401583957e-03
4.566308271565882454e-03
5.285404150960681079e-03
5.064553436855094050e-03
5.452073339468661503e-03
4.822197083306502610e-03
5.437673654421937286e-03
4.602632935771933630e-03
7.244542380195691418e-03
3.785094766561081236e-03
5.201873577962822653e-03
4.798742744145737156e-03
4.407306026780316403e-03
3.016206367414057520e-03
7.020468788475697254e-03
5.810730788199423326e-03
5.180618684416517933e-03
5.510460986674924067e-03
5.508398844558168479e-03
4.193807331107105192e-03
5.835838851505343108e-03
5.081830868282737231e-03
7.487985292291883359e-03
4.435530085487029810e-03
4.449598133897055691e-03
5.693620163413387787e-03
4.073719771482509772e-03
5.145833286508455680e-03
4.349793714207464239e-03
4.508225529323155005e-03
4.459806807739713844e-03
5.879574200198487387e-03
4.477550858748046911e-03
5.209394987228576669e-03
5.239520435833030371e-03
6.515003670098170642e-03
5.433047150258796601e-03
6.745528768724534316e-03
5.758086705052283850e-03
5.960431403397132080e-03
5.178325623277783667e-03
4.793720875289252982e-03
4.315937600474203072e-03
5.700743278801083218e-03
4.885253973419563696e-03
5.514433176860627714e-03
3.618605585113100331e-03
4.669735678077256182e-03
4.468434628004123825e-03
5.093208878773118620e-03
5.511782622461920342e-03
5.794495943217493027e-03
3.405277650286466992e-03
4.699816623776787057e-03
5.158338591786417772e-03
4.568332742558071924e-03
6.128476977178281757e-03
6.420297261982928563e-03
4.465297680345068493e-03
4.068058122557101884e-03
6.617426440741926499e-03
6.408299890899109806e-03
4.933691265441284869e-03
6.527953852029235761e-03
5.678345154376453902e-03
4.298639702602342558e-03
7.653059317313080576e-03
3.909549861226107800e-03
6.151643977602638640e-03
5.660452355012067331e-03
4.226216032853436638e-03
5.311728338391679197e-03
2.860756434046823112e-03
6.627553809219625773e-03
2.639764026950307610e-03
4.837599864433214832e-03
5.405068404232812873e-03
5.227241044411977226e-03
5.680092047147857967e-03
3.295582451177257038e-03
7.010527176812549749e-03
6.343520873413241966e-03
5.508255125309157244e-03
2.543548337299780197e-03
3.996480990376186614e-03
3.446581653564054215e-03
4.310945962568188405e-03
4.366024174730612391e-03
4.223830054920710807e-03
4.729901058646686363e-03
5.358596790998159526e-03
2.420535666580550006e-03
5.756468238821315850e-03
4.761894977325984921e-03
6.806783432062276859e-03
3.923770628786093541e-03
5.550097718392008571e-03
6.205944602056326365e-03
3.354293856796275800e-03
5.006632011857119029e-03
5.637829305344628505e-03
6.989149512597844435e-03
5.753068501335975408e-03
5.550301268396806188e-03
4.499754559346222892e-03
3.380220810168873581e-03
4.435059180947529406e-03
5.391175956153735835e-03
4.586084098602839255e-03
6.861185763740069998e-03
3.249984896309619006e-03
5.091064859457367434e-03
3.743052613594502216e-03
6.185045959613139945e-03
4.509170303015982810e-03
7.321203492522201060e-03
3.926421079350753650e-03
6.339386381951142395e-03
5.229805461226187148e-03
6.072546722404051356e-03
7.028159634871881598e-03
6.302375783588232312e-03
6.418411553324199562e-03
3.711515295402893419e-03
6.533457107144196620e-03
7.514546785860852507e-03
4.782294974175738643e-03
5.642065534932868762e-03
5.399706872050998897e-03
5.923922057973758475e-03
6.501362679410288559e-03
5.361955154746017929e-03
7.626870765705034971e-03
3.648446589375176768e-03
6.451953919942053813e-03
5.664382793490856279e-03
3.770898217732799630e-03
5.867982949430293818e-03
3.686779420937690357e-03
4.519031687559183809e-03
7.453493378751053361e-03
4.427930866262662357e-03
6.384553794143238425e-03
6.634322051506958209e-03
5.306297210314332539e-03
3.936528952932144554e-03
4.393834447459754253e-03
6.517327724623573661e-03
4.477476960450642827e-03
3.794914797583651394e-03
6.782581064790818744e-03
5.520242603425627032e-03
6.735677858257582869e-03
5.733591697943941912e-03
5.141844631720731730e-03
6.074354208269390140e-03
5.993873463491504114e-03
4.615928815783795595e-03
4.537265105713566768e-03
3.750451782639087784e-03
5.721102197346381903e-03
6.074487475798406692e-03
5.682819999099301099e-03
5.606808706885541872e-03
6.858386141441422980e-03
5.262843118864411057e-03
5.755498151644806472e-03
6.839457014353148186e-03
6.991692674995385846e-03
4.280509561695647509e-03
3.669540293098237302e-03
4.417954237568758914e-03
3.029535014414659003e-03
5.755824243353124640e-03
4.342262091757189899e-03
2.991853341312202940e-03
6.642347464207602747e-03
3.534006520415876752e-03
5.052124601519384500e-03
2.829620890465862210e-03
2.757888186457163084e-03
5.259465488758299952e-03
5.209624549938678302e-03
2.987340851539639370e-03
4.883481893693858780e-03
4.165157290492320363e-03
5.628981306036601358e-03
5.248579488670392090e-03
5.059012339504688135e-03
5.002767285646359842e-03
5.594667403953995470e-03
4.132034614838215637e-03
6.349490077559996788e-03
5.613690559296035873e-03
6.200695757377550424e-03
4.091033571993463007e-03
5.141127435940080585e-03
7.385915910148390523e-03
6.541714468627288573e-03
2.801371675518636670e-03
3.734285692108416099e-03
3.474528701587098478e-03
6.094573942932184421e-03
2.951877870150125018e-03
4.830237908163984364e-03
3.133878175110199876e-03
5.807564307714258023e-03
5.714578555362860406e-03
5.067492362011962771e-03
2.736372605625699266e-03
4.623487186081964850e-03
4.345962775462913590e-03
6.466580505128217450e-03
5.357099790826557600e-03
3.479975770645216647e-03
2.999642418312243632e-03
4.153337687564025681e-03
4.426948467228572666e-03
4.014871912115205131e-03
2.964699847505851849e-03
6.431425943127143385e-03
6.828544424624295554e-03
4.269461885994687775e-03
3.442440262878676462e-03
5.604718932001397785e-03
5.939673625683714389e-03
3.723418112635989985e-03
5.310003031726790237e-03
6.002813158181294524e-03
5.263428193424350872e-03
3.864438899079477956e-03
3.545774221003312673e-03
5.346966507818899650e-03
5.135185124388785306e-03
5.821031982289621119e-03
4.092292145246732155e-03
5.938449214560928210e-03
3.327804435847040061e-03
5.821750619757679740e-03
2.856928936154621602e-03
6.692247580719804835e-03
4.899184538956650146e-03
4.055977910453775412e-03
4.245452397373404400e-03
2.607099524128297062e-03
3.989613690770126356e-03
6.315487705133009978e-03
3.644336785619064351e-03
3.939328700533067940e-03
6.574114189336723209e-03
4.716861920794423492e-03
5.127795032095739357e-03
4.620361937733071661e-03
5.410142739460718081e-03
2.576991285102034693e-03
6.319493670455119186e-03
5.885212418789431861e-03
5.864015362153345706e-03
3.903410277122266060e-03
5.260385423934533546e-03
5.969047208051150855e-03
3.108812976166196781e-03
4.510905401403525819e-03
5.641548147472000459e-03
6.258789496123682780e-03
3.866467247470532515e-03
3.765980687368438145e-03
3.797338114804494399e-03
3.577297788088528146e-03
4.580480117979133896e-03
5.566669628009829687e-03
6.704008851878729899e-03
5.313924770463567329e-03
6.670970166876926365e-03
6.081579469070154398e-03
3.971044484541735690e-03
3.953862467187577515e-03
3.800516259147105128e-03
6.152963295958257910e-03
3.566517470248464251e-03
6.008590115428669512e-03
4.028540688764051594e-03
7.058661477794015218e-03
4.190308380394222425e-03
4.155857239533025139e-03
3.303473651856010922e-03
5.792830441935332628e-03
6.266385954068334069e-03
4.931569312904335485e-03
3.654448227954113729e-03
3.776979991009575804e-03
4.550608192847167312e-03
6.324240226308750455e-03
3.871032697529382290e-03
3.599720551623945570e-03
4.625333257337310884e-03
4.448762226049991428e-03
7.579616246335824960e-03
4.188992827450898487e-03
3.517017554444219589e-03
4.040754715076932263e-03
3.539613740804170225e-03
5.710140526362542795e-03
6.621855666916484986e-03
5.442570276416497203e-03
3.089119647021365284e-03
4.678991276876407618e-03
6.156740358601582412e-03
2.493002858397946712e-03
7.316923371336476675e-03
5.862391813006273197e-03
7.554141613544103871e-03
6.804449872904370922e-03
5.052859075272008935e-03
4.831223890703732066e-03
5.492922032321818741e-03
6.809231283588642811e-03
6.315352921658719601e-03
5.976554993146842784e-03
4.881624513687498126e-03
3.470483073730420542e-03
6.086763124766914057e-03
6.895372519698936969e-03
6.632788821798805794e-03
2.847244243835941966e-03
5.614878279406532863e-03
5.789578530752926069e-03
5.215936544403072112e-03
4.039471110872143271e-03
7.038206122557666249e-03
6.200250007764441899e-03
5.530925941380058011e-03
3.296045247220313716e-03
4.937237521221885667e-03
6.258505697027268513e-03
2.536695603397353185e-03
6.517071903084576887e-03
4.496024842622564112e-03
5.065376640125658116e-03
3.436301336606462867e-03
6.164805285005394049e-03
6.665499745344292438e-03
4.988579643213659348e-03
4.520377573773598848e-03
4.786442025025369924e-03
3.281372614778824050e-03
4.962878086203849175e-03
4.181008598592229550e-03
6.622192697389551325e-03
5.748668300535693734e-03
5.818405046865759121e-03
4.172193231461156920e-03
4.471095499930579156e-03
3.646883530612990247e-03
4.465845651705421804e-03
2.486580047174373736e-03
3.027016616917753856e-03
4.557063640050564718e-03
5.819105994413887803e-03
2.621190472048185935e-03
3.258701819107067028e-03
4.847554295401546552e-03
6.375501690942858048e-03
4.635947075130528172e-03
4.568271261332682541e-03
5.058413441266522773e-03
5.758538104225922709e-03
5.558688998271972895e-03
2.546783401750606253e-03
5.413165060175801138e-03
6.805982297514019848e-03
6.118748979186726736e-03
4.763523202532224908e-03
4.586630013523929766e-03
5.469896933961072676e-03
5.253384950105839321e-03
6.543262574271502957e-03
4.444692314901885904e-03
6.143659983346558794e-03
3.128341419209295076e-03
3.107817457657846647e-03
3.897731799973721580e-03
7.040834346504904785e-03
5.355383678406986855e-03
7.237923872865101652e-03
5.738403144781437266e-03
5.507920979328308035e-03
4.023005549644732143e-03
6.481627767875003387e-03
3.446545356705458651e-03
3.818933977236908198e-03
4.492704546457973631e-03
5.218901568698392814e-03
4.091077440283565937e-03
4.237555263964984040e-03
5.676275040970142800e-03
7.841718785695936389e-03
3.799491519835867387e-03
6.830720704296375755e-03
2.618924726404713629e-03
4.820173424779559262e-03
3.175661985129764418e-03
4.840412081765270436e-03
6.795913773601296518e-03
3.652929640695627266e-03
4.833063425553302088e-03
4.454863098791587636e-03
3.685992614418572358e-03
4.382344690243233053e-03
5.021794812906187240e-03
6.108952571306151651e-03
4.621066846908519939e-03
3.111734051680201465e-03
4.937848290980598014e-03
5.057964640629195388e-03
4.505720396878574660e-03
6.504667705165076072e-03
5.025399546837276687e-03
5.108154022688678360e-03
3.794216122334426438e-03
3.767510678714005093e-03
3.294875419253026454e-03
4.589459030913519734e-03
4.333816300294204317e-03
7.351032604476576832e-03
3.155754264565206746e-03
5.912259037632230235e-03
5.969167455167597239e-03
6.469763597087222450e-03
4.970213637389058435e-03
6.222160707618940891e-03
5.332183314308338792e-03
3.268319687889814553e-03
5.572715007460837290e-03
3.745727165074696011e-03
3.621146251814330672e-03
4.121576917118043894e-03
6.030316172184015285e-03
6.478200341191692017e-03
5.787664912860536817e-03
4.135257189009886557e-03
4.146371855575655720e-03
5.115172729410409104e-03
5.396109175483630727e-03
5.986915464751598956e-03
3.904114675768850361e-03
5.153495867553715623e-03
5.034470166223827328e-03
7.270905753964799698e-03
3.662643438645819902e-03
5.017203464077668248e-03
3.480198067425654355e-03
3.138275966425068276e-03
4.890218940359695489e-03
5.751020773403574607e-03
4.524732483143975408e-03
2.939089302652834416e-03
4.086845488225421437e-03
4.671031190668486176e-03
3.369777062694495444e-03
4.307086856811815842e-03
6.382597817232793860e-03
5.404051962176099205e-03
2.664515211040075719e-03
5.031351006016569934e-03
5.027870266001618557e-03
5.810102623332974794e-03
4.131941587187176572e-03
3.001564820793209409e-03
5.657862654227850327e-03
4.979467182938582259e-03
5.382047815731964661e-03
3.541572420439412228e-03
5.969925828933088027e-03
7.302008869250606847e-03
3.036657852829140105e-03
5.599899802868272929e-03
2.931508183429435473e-03
4.954103553134033000e-03
7.416118788703587872e-03
5.323582956122033423e-03
6.195179326528984717e-03
4.260157396369881021e-03
5.028369004402136189e-03
7.856197176201741225e-03
2.487266566927580965e-03
6.181388308353023137e-03
6.575568521269364863e-03
6.440028364843837852e-03
4.637722580138249444e-03
4.752673496225879625e-03
7.511407174909638315e-03
6.825273898058551759e-03
5.445542984089704087e-03
2.464323570184862467e-03
6.374005543074088599e-03
5.988036760164413587e-03
4.976186216607224842e-03
6.895567320849040928e-03
4.287891127756503565e-03
6.685354740343437720e-03
5.019374324552961820e-03
5.605672534269334414e-03
3.305089949359407697e-03
3.226129931111061840e-03
5.292117720287255883e-03
4.649078701315210831e-03
4.899927443497495774e-03
4.589538748150155320e-03
4.374978823782528156e-03
3.655559540184287991e-03
5.197540545875041842e-03
3.952623411646826596e-03
5.899632447643607218e-03
4.066531287241524802e-03
5.897214500185092578e-03
4.076962478960855299e-03
3.712017657696105224e-03
6.926874326001935048e-03
4.513275109051814206e-03
5.357419263338771345e-03
4.900496507271700185e-03
6.279620809796395385e-03
5.550420298991752717e-03
5.132917467989322503e-03
5.881422338684253251e-03
3.768076649043443534e-03
7.349434171341494987e-03
7.436740186794162447e-03
4.745760478388059110e-03
6.053937245809197336e-03
3.525964654243425415e-03
3.953093938781045494e-03
6.401236437943018907e-03
3.502403140419666199e-03
3.681403859311060001e-03
2.906625728835396036e-03
3.943347700049108784e-03
3.916242356901107093e-03
6.642407061770564704e-03
4.480982253096473140e-03
5.012160370130206745e-03
3.635648558118529262e-03
6.191486413913124646e-03
5.140803512348379213e-03
3.833766649899928314e-03
2.640203482414295397e-03
5.480938324896890944e-03
6.455962531664766017e-03
3.963586937739209046e-03
3.850793661903986840e-03
4.051543648667367548e-03
5.705187583046599301e-03
4.707274074664816003e-03
2.809176129564747854e-03
6.710961426552649635e-03
5.447371115169435084e-03
6.099004209545647211e-03
4.128423947936833184e-03
6.762109115919352764e-03
5.418091181065162742e-03
5.063098329475363910e-03
5.160039107653204872e-03
6.944567287668903903e-03
4.067645449255355081e-03
5.576154286237054725e-03
3.205324446132565633e-03
6.265225803184394128e-03
6.232353196861992357e-03
4.837685581794613776e-03
5.269552509941739273e-03
5.905496008810806781e-03
2.424924415411597225e-03
6.826459921346584962e-03
5.774130514946985808e-03
3.580251006567954086e-03
4.190692691321475094e-03
2.666574270248754479e-03
3.591714933770626551e-03
5.839064743339653432e-03
4.770483888207817900e-03
2.545658084190571737e-03
5.546958508590553623e-03
4.671015593271367512e-03
4.559645638674181441e-03
5.436274470877190158e-03
4.718541502508342804e-03
3.579984222344198205e-03
5.039195848979748267e-03
4.144593652643322433e-03
5.082819595308835786e-03
6.152830888692361645e-03
7.085065102910769949e-03
4.667439505793321945e-03
4.986391861340434481e-03
4.999562836054530224e-03
4.652247387338751330e-03
5.995233644362096652e-03
2.578493792050887828e-03
4.318797318778295515e-03
4.678521263179482269e-03
6.440161321860321184e-03
3.946261789593044113e-03
4.527519852147838218e-03
4.793603636118638246e-03
5.416953713692908116e-03
5.674832776584304121e-03
3.565387998308451687e-03
5.640389551838594778e-03
4.621678878091580941e-03
6.420606577028413475e-03
3.894096632464638056e-03
5.094951512679773975e-03
4.636698614315153295e-03
4.457165041305946422e-03
7.092738174961849169e-03
7.561734467052000017e-03
5.119005803748710205e-03
3.678972457752235393e-03
4.899054006534868042e-03
5.436924711032642583e-03
4.072976291550215247e-03
5.973411155175028728e-03
7.374065073922697784e-03
7.389479186418283600e-03
5.230893698874904477e-03
2.845906745036172990e-03
5.757531728455017421e-03
2.599421772324024809e-03
5.169511992208464593e-03
5.426614690172572482e-03
5.709751462331027518e-03
4.623052485977488177e-03
3.556529790971072608e-03
4.061899730129521838e-03
3.420566835781816903e-03
5.986810707983999079e-03
3.088530015940972422e-03
6.440870544036953090e-03
3.635363341667324170e-03
6.208913749044340374e-03
6.654561837623368045e-03
3.862766656219247894e-03
4.876402148490338248e-03
4.808382506106949686e-03
5.750251118906546562e-03
4.176390655202784699e-03
5.931872694077873660e-03
5.674455847419407339e-03
4.525106272198631784e-03
2.654377480305900386e-03
6.444286278405851782e-03
4.516415584466036519e-03
2.967859030825362003e-03
6.045195156722784659e-03
4.107224784530996188e-03
5.261354725887697377e-03
5.640335763665262764e-03
5.499623225071305702e-03
4.766346852806192282e-03
4.574846023123055154e-03
3.892851143087855490e-03
3.500288936973391940e-03
7.745178846345762702e-03
6.823053808153705345e-03
4.617757926589173556e-03
5.649194951786464490e-03
7.347000741732276526e-03
4.377739241579648929e-03
2.670157616983822799e-03
4.491095086362918189e-03
4.558068705920953825e-03
3.807832164202980783e-03
4.831053238139154313e-03
4.594395937202701979e-03
3.568201062020126459e-03
6.805969789342340009e-03
3.766428772836263785e-03
3.987380849116066960e-03
5.802281376449711960e-03
3.063955982553221227e-03
5.317276763045091642e-03
4.238145371709644421e-03
4.922616749339824016e-03
5.830161386324566458e-03
4.990237377708172696e-03
4.652855594141504236e-03
4.148365319510444356e-03
6.978065212155531299e-03
4.334964366856468992e-03
6.510248548831587545e-03
6.558140045842422369e-03
5.569352213750676517e-03
4.855405450116102514e-03
6.457634797108117650e-03
6.380338748476640197e-03
6.080174431890064332e-03
5.371166273503480415e-03
3.288291994359154088e-03
4.622774352997749588e-03
5.932617233827927779e-03
2.812828212760576808e-03
5.273092894020899035e-03
4.316192933627905834e-03
3.216758212193734923e-03
4.536056069591663277e-03
6.303688056914217262e-03
4.381832081216528729e-03
5.597494433524983007e-03
3.428053412158303930e-03
4.165644005624751130e-03
4.408431791930054501e-03
4.804135772753792555e-03
3.067174528042270702e-03
4.548217214872397017e-03
3.109672888757148996e-03
6.168671002179990266e-03
5.557828117898792192e-03
5.537317813512310401e-03
4.468248242406103188e-03
5.726004267318671355e-03
5.753585391532750962e-03
5.629352917444458738e-03
3.069219453594749202e-03
5.282327814407457994e-03
5.096893771760436717e-03
5.669631172221706143e-03
3.468673404414646111e-03
5.622525879754452192e-03
5.008714022986515517e-03
4.790137582429285223e-03
5.103461926033944947e-03
5.824522449915042234e-03
3.135013258550520265e-03
5.468342960467434920e-03
3.950733624612546256e-03
5.324098703183587945e-03
6.409037181132880637e-03
4.479895681408914768e-03
6.986603584338350360e-03
5.715273376458786768e-03
2.967008069326883789e-03
5.340252030552609247e-03
5.488038650633891152e-03
2.874904885915982675e-03
5.108245452349892760e-03
4.865962762519620080e-03
4.330905162468098347e-03
4.847155464243789805e-03
3.658272632040801380e-03
5.542532085765816512e-03
6.657902113175601100e-03
6.473761945820162393e-03
6.948501479133296563e-03
5.045023658737992148e-03
5.735584501903707999e-03
3.289603117056791228e-03
6.289229524828398102e-03
3.897818635094926678e-03
3.870440034871980468e-03
5.417303454974525985e-03
5.517400460532101598e-03
5.289925944432010037e-03
5.830427375898399218e-03
4.562397368391739143e-03
5.707466774940745703e-03
5.552199533273564913e-03
4.325731792630263702e-03
5.037335726570005105e-03
4.077913474570560651e-03
6.108611577361046895e-03
3.928052464084287078e-03
4.057772316631550261e-03
5.481463252359879308e-03
5.064880757666821547e-03
5.737352707384050891e-03
4.917314201316008888e-03
6.143578464557012016e-03
3.791668503525069938e-03
3.669945888029051747e-03
6.563208046745717603e-03
3.240111541557614237e-03
4.202815453255363300e-03
4.281149026816787224e-03
4.837025001621823340e-03
7.640204564595025512e-03
4.552633905601581078e-03
5.796490080370134655e-03
4.487949032836174509e-03
4.965480952103374854e-03
3.974333126130278129e-03
3.923758812676222604e-03
3.848376175831477123e-03
4.738395699642396382e-03
4.734494072831678738e-03
6.001928999220289968e-03
2.471230137688055876e-03
5.029863223601471409e-03
3.794921013190510461e-03
2.627396006954015647e-03
4.727384363626894494e-03
4.592467512213762974e-03
3.583295088281490855e-03
5.710709842973685224e-03
4.464393126744107924e-03
5.977812428161502663e-03
