5.0538e-06
5.1834e-06
4.7741e-06
5.0862e-06
5.0319e-06
4.8692e-06
4.9566e-06
5.0343e-06
5.3578e-06
5.2769e-06
4.865e-06
5.3035e-06
5.0725e-06
4.9937e-06
5.0715e-06
4.9795e-06
4.9876e-06
5.149e-06
5.1409e-06
5.1417e-06
5.0671e-06
4.8793e-06
5.0717e-06
5.163e-06
5.0489e-06
5.1035e-06
5.0727e-06
4.9697e-06
5.0294e-06
4.9213e-06
5.0888e-06
4.8853e-06
4.8931e-06
4.9191e-06
4.7056e-06
5.1438e-06
5.0325e-06
4.9245e-06
5.137e-06
4.8288e-06
4.9898e-06
4.9759e-06
5.0319e-06
5.0313e-06
4.9135e-06
4.997e-06
4.9835e-06
5.0628e-06
5.1093e-06
5.1109e-06
4.9136e-06
5.0077e-06
4.8786e-06
4.8886e-06
4.9993e-06
5.1533e-06
4.923e-06
5.0371e-06
4.9774e-06
5.1117e-06
4.8911e-06
5.0033e-06
5.0553e-06
5.1101e-06
5.1544e-06
5.0086e-06
4.8508e-06
4.9258e-06
4.8938e-06
5.235e-06
4.9384e-06
5.0748e-06
4.9808e-06
5.0889e-06
4.9235e-06
4.8598e-06
4.8578e-06
5.0488e-06
4.9823e-06
4.9804e-06
5.1419e-06
5.0292e-06
5.0198e-06
5.1588e-06
4.9196e-06
5.0697e-06
5.0835e-06
4.9756e-06
5.0216e-06
4.8834e-06
4.8852e-06
5.0105e-06
5.0722e-06
5.2585e-06
4.9333e-06
5.0187e-06
4.9918e-06
4.8067e-06
4.9561e-06
4.8205e-06
